[metadata]
addr = 0x8808e08
size = 1
last_change = 2023-11-20T18:14:13.207413Z

[header]
last_change = 2023-11-20T18:13:58.019179Z
name = "Command_SET_CHAR_OBJ_RUN_TO_COORD_RUN_TO"
addr = 0x8808e08
