[metadata]
addr = 0x8804ac8
size = 1
last_change = 2023-11-20T18:14:13.207413Z

[header]
last_change = 2023-11-20T18:13:58.019179Z
name = "Command_IS_BITWISE_AND_NOT_EQUAL_TO_ZERO_AND"
addr = 0x8804ac8
