[metadata]
addr = 0x8808010
size = 1
last_change = 2023-11-20T18:14:13.207413Z

[header]
last_change = 2023-11-20T18:13:58.019179Z
name = "Command_IS_CHAR_OBJECTIVE_PASSED"
addr = 0x8808010
