[metadata]
addr = 0x88084f8
size = 1
last_change = 2023-11-20T18:14:13.207413Z

[header]
last_change = 2023-11-20T18:13:58.019179Z
name = "Command_SET_CHAR_OBJ_FLEE_CHAR_ON_FOOT_ALWAYS_CHAR"
addr = 0x88084f8
