[metadata]
addr = 0x88049cc
size = 1
last_change = 2023-11-20T18:14:13.207413Z

[header]
last_change = 2023-11-20T18:13:58.019179Z
name = "Command_BITWISE_OR_OR_STORE_TO"
addr = 0x88049cc
