[metadata]
addr = 0x8804268
size = 1
last_change = 2023-11-20T18:14:13.207413Z

[header]
last_change = 2023-11-20T18:13:58.019179Z
name = "Command_GENERATE_RANDOM_FLOAT_IN_RANGE_STORE_TO"
addr = 0x8804268
