[metadata]
addr = 0x888350c
size = 1
last_change = 2023-11-20T18:14:13.207413Z

[header]
last_change = 2023-11-20T18:13:58.019179Z
name = "Command_ADD_EXPLOSION_TYPE"
addr = 0x888350c
