[metadata]
addr = 0x8885d44
size = 1
last_change = 2023-11-20T18:14:13.207413Z

[header]
last_change = 2023-11-20T18:13:58.019179Z
name = "Command_PLAYER_MADE_PROGRESS"
addr = 0x8885d44
