[metadata]
addr = 0x8886958
size = 1
last_change = 2023-11-20T18:14:13.207413Z

[header]
last_change = 2023-11-20T18:13:58.019179Z
name = "Command_REGISTER_FASTEST_TIME_ON_HARBOR_HOVER_RACE"
addr = 0x8886958
