[metadata]
addr = 0x88861c4
size = 1
last_change = 2023-11-20T18:14:13.207413Z

[header]
last_change = 2023-11-20T18:13:58.019179Z
name = "Command_SET_TOTAL_NUMBER_OF_MISSIONS"
addr = 0x88861c4
