[metadata]
addr = 0x8886e2c
size = 1
last_change = 2023-11-20T18:14:13.207413Z

[header]
last_change = 2023-11-20T18:13:58.019179Z
name = "Command_REGISTER_DTRIAL_BEST_LAP_COURSE_TIME_$5694"
addr = 0x8886e2c
