[metadata]
addr = 0x88864f8
size = 1
last_change = 2023-11-20T18:14:13.207413Z

[header]
last_change = 2023-11-20T18:13:58.019179Z
name = "Command_REGISTER_LONGEST_FACE_PLANT_DISTANCE"
addr = 0x88864f8
