[metadata]
addr = 0x888633c
size = 1
last_change = 2023-11-20T18:14:13.207413Z

[header]
last_change = 2023-11-20T18:13:58.019179Z
name = "Command_GET_PLAYER_STORE_COACH_PASSENGERS_DROPPED_OFF_TO"
addr = 0x888633c
