[metadata]
addr = 0x88874d4
size = 1
last_change = 2023-11-20T18:14:13.207413Z

[header]
last_change = 2023-11-20T18:13:58.019179Z
name = "Command_ADD_MONEY_SPENT_ON_EMPIRE_DEVELOPMENT_2@"
addr = 0x88874d4
