[metadata]
addr = 0x88fbb9c
size = 1
last_change = 2023-11-20T18:14:13.207413Z

[header]
last_change = 2023-11-20T18:13:58.019179Z
name = "Command_UNKNOWN_EMPIRE_COMMAND_9726_STR_UNK_STORE_TO"
addr = 0x88fbb9c
