[metadata]
addr = 0x88fbde0
size = 1
last_change = 2023-11-20T18:14:13.207413Z

[header]
last_change = 2023-11-20T18:13:58.019179Z
name = "Command_UNKNOWN_EMPIRE_COMMAND_83F8_STR_STORE_TO"
addr = 0x88fbde0
