[metadata]
addr = 0x89339bc
size = 1
last_change = 2023-11-20T18:14:13.207413Z

[header]
last_change = 2023-11-20T18:13:58.019179Z
name = "Command_ADD_PED_STATIC_SHADOW_CORNERA_CORNERB_INTENSITY_RADIUS_UNUSED"
addr = 0x89339bc
