[metadata]
addr = 0x8932d14
size = 1
last_change = 2023-11-20T18:14:13.207413Z

[header]
last_change = 2023-11-20T18:13:58.019179Z
name = "Command_BUILD_WORLD_GEOMETRY_BRIDGE_NUM"
addr = 0x8932d14
