[metadata]
addr = 0x89330b0
size = 1
last_change = 2023-11-20T18:14:13.207413Z

[header]
last_change = 2023-11-20T18:13:58.019179Z
name = "Command_DRAW_CORONA_WITH_EXPLOSION_POINT_POINT_COLOUR_UNK_FLOAT_VALUES_UNK_INT"
addr = 0x89330b0
