[metadata]
addr = 0x8975e90
size = 1
last_change = 2023-11-20T18:14:13.207413Z

[header]
last_change = 2023-11-20T18:13:58.019179Z
name = "Command_SET_DRAWN_DISPLAY_STATE_ID_ACTIVE"
addr = 0x8975e90
