[metadata]
addr = 0x8975f98
size = 1
last_change = 2023-11-20T18:14:13.207413Z

[header]
last_change = 2023-11-20T18:13:58.019179Z
name = "Command_SET_DRAWN_DISPLAY_SCALE_ID_WIDTH_HEIGHT"
addr = 0x8975f98
