[metadata]
addr = 0x897ed7c
size = 1
last_change = 2023-11-20T18:14:13.207413Z

[header]
last_change = 2023-11-20T18:13:58.019179Z
name = "Command_OVERRIDE_NEXT_RESTART_ANGLE"
addr = 0x897ed7c
