[metadata]
addr = 0x898a830
size = 1
last_change = 2023-11-20T18:14:13.207413Z

[header]
last_change = 2023-11-20T18:13:58.019179Z
name = "StrongGripCheat"
addr = 0x898a830
