[metadata]
addr = 0x898c1c8
size = 1
last_change = 2023-11-20T18:14:13.207413Z

[header]
last_change = 2023-11-20T18:13:58.019179Z
name = "GetSteeringUpDown"
addr = 0x898c1c8
