[metadata]
addr = 0x898d8a0
size = 1
last_change = 2023-11-20T18:14:13.207413Z

[header]
last_change = 2023-11-20T18:13:58.019179Z
name = "ShiftTargetLeftJustDown"
addr = 0x898d8a0
