[metadata]
addr = 0x898fd54
size = 1
last_change = 2023-11-20T18:14:13.207413Z

[header]
last_change = 2023-11-20T18:13:58.019179Z
name = "Command_UNKNOWN_CAMERA_COMMAND_7521"
addr = 0x898fd54
