[metadata]
addr = 0x898f6b8
size = 1
last_change = 2023-11-20T18:14:13.207413Z

[header]
last_change = 2023-11-20T18:13:58.019179Z
name = "Command_POINT_CAMERA_AT_CAR_MODE_SWITCHSTYLE"
addr = 0x898f6b8
