[metadata]
addr = 0x89def04
size = 1
last_change = 2023-11-20T18:14:13.207413Z

[header]
last_change = 2023-11-20T18:13:58.019179Z
name = "Command_HAS_SAVE_GAME_FINISHED"
addr = 0x89def04
