[metadata]
addr = 0x89d7ccc
size = 1
last_change = 2023-11-20T18:14:13.207413Z

[header]
last_change = 2023-11-20T18:13:58.019179Z
name = "Command_CAR_INSIDE_GARAGE"
addr = 0x89d7ccc
