[metadata]
addr = 0x89df430
size = 1
last_change = 2023-11-20T18:14:13.207413Z

[header]
last_change = 2023-11-20T18:13:58.019179Z
name = "Command_GIVE_REMOTE_CONTROLLED_MODEL_TO_PLAYER_AT_ANGLE_MODEL"
addr = 0x89df430
