[metadata]
addr = 0x89dd968
size = 1
last_change = 2023-11-20T18:14:13.207413Z

[header]
last_change = 2023-11-20T18:13:58.019179Z
name = "Command_SET_EXTRA_COLOURS_FADE"
addr = 0x89dd968
