[metadata]
addr = 0x89d7d9c
size = 1
last_change = 2023-11-20T18:14:13.207413Z

[header]
last_change = 2023-11-20T18:13:58.019179Z
name = "Command_SET_FREE_BOMB_SHOP_TO"
addr = 0x89d7d9c
