[metadata]
addr = 0x89e13cc
size = 1
last_change = 2023-11-20T18:14:13.207413Z

[header]
last_change = 2023-11-20T18:13:58.019179Z
name = "Command_UNKNOWN_RADAR_SET_COORDS_COMMAND_0472"
addr = 0x89e13cc
