[metadata]
addr = 0x89e098c
size = 1
last_change = 2023-11-20T18:14:13.207413Z

[header]
last_change = 2023-11-20T18:13:58.019179Z
name = "Command_UNKNOWN_PAD_COMMAND_52A7"
addr = 0x89e098c
