[metadata]
addr = 0x89e1040
size = 1
last_change = 2023-11-20T18:14:13.207413Z

[header]
last_change = 2023-11-20T18:13:58.019179Z
name = "Command_UNKNOWN_COMMAND_5721"
addr = 0x89e1040
