[metadata]
addr = 0x89e08b4
size = 1
last_change = 2023-11-20T18:14:13.207413Z

[header]
last_change = 2023-11-20T18:13:58.019179Z
name = "Command_TAKE_REMOTE_CONTROLLED_CAR_FROM_PLAYER"
addr = 0x89e08b4
