[metadata]
addr = 0x89e05bc
size = 1
last_change = 2023-11-20T18:14:13.207413Z

[header]
last_change = 2023-11-20T18:13:58.019179Z
name = "Command_IS_PLAYER_USING_FIRST_PERSON_CAMERA_PLAYER_CHAR"
addr = 0x89e05bc
