[metadata]
addr = 0x89f6390
size = 1
last_change = 2023-11-20T18:14:13.207413Z

[header]
last_change = 2023-11-20T18:13:58.019179Z
name = "Get"
addr = 0x89f6390
