[metadata]
addr = 0x8a149bc
size = 1
last_change = 2023-11-20T18:14:13.207413Z

[header]
last_change = 2023-11-20T18:13:58.019179Z
name = "Command_ROTATE_OBJECT_FROM_TO_COLISSION_CHECK"
addr = 0x8a149bc
