[metadata]
addr = 0x8a14620
size = 1
last_change = 2023-11-20T18:14:13.207413Z

[header]
last_change = 2023-11-20T18:13:58.019179Z
name = "Command_ATTACH_OBJECT_TO_CHAR_CAR_UNK_INT_OFFSET"
addr = 0x8a14620
