[metadata]
addr = 0x8a117f8
size = 1
last_change = 2023-11-20T18:14:13.207413Z

[header]
last_change = 2023-11-20T18:13:58.019179Z
name = "Command_LOCATE_CHAR_IN_CAR_CAR_3D_CAR_RADIUS_SPHERE_IN_CAR"
addr = 0x8a117f8
