[metadata]
addr = 0x8a12f8c
size = 1
last_change = 2023-11-20T18:14:13.207413Z

[header]
last_change = 2023-11-20T18:13:58.019179Z
name = "Command_IS_OBJECT_IN_AREA_3D_FROM_TO_SPHERE"
addr = 0x8a12f8c
