[metadata]
addr = 0x8a11858
size = 1
last_change = 2023-11-20T18:14:13.207413Z

[header]
last_change = 2023-11-20T18:13:58.019179Z
name = "Command_UNKNOWN_CHAR_COORD_CHECK_COMMAND_6382_COORDS"
addr = 0x8a11858
