[metadata]
addr = 0x8a3c2d8
size = 1
last_change = 2023-11-20T18:14:13.207413Z

[header]
last_change = 2023-11-20T18:13:58.019179Z
name = "Command_UNKNOWN_CHAR_COMMAND_18E6_ANOTHER_CHAR"
addr = 0x8a3c2d8
