[metadata]
addr = 0x8a79310
size = 1
last_change = 2023-11-20T18:14:13.207413Z

[header]
last_change = 2023-11-20T18:13:58.019179Z
name = "Command_ADD_SPRITE_BLIP_FOR_CONTACT_POINT_SPRITE_STORE_TO"
addr = 0x8a79310
