[metadata]
addr = 0x8a85c44
size = 1
last_change = 2023-11-20T18:14:13.207413Z

[header]
last_change = 2023-11-20T18:13:58.019179Z
name = "Command_IS_HELP_MESSAGE_BEING_DISPLAYED"
addr = 0x8a85c44
