[metadata]
addr = 0x8a85b24
size = 1
last_change = 2023-11-20T18:14:13.207413Z

[header]
last_change = 2023-11-20T18:13:58.019179Z
name = "Command_ADD_PAGER_MESSAGE_WITH_NUMBER_NUM_TIME_TO_MOVE_CHARACTERS_PRIORITY_UNK5"
addr = 0x8a85b24
