[metadata]
addr = 0x8a8d29c
size = 1
last_change = 2023-11-20T18:14:13.207413Z

[header]
last_change = 2023-11-20T18:13:58.019179Z
name = "Command_LOAD_MISSION_ENTITY_AUDIO_SOUND_SUBTITLE_SLOT_ENTITY"
addr = 0x8a8d29c
