[metadata]
addr = 0x8a8d3c8
size = 1
last_change = 2023-11-20T18:14:13.207413Z

[header]
last_change = 2023-11-20T18:13:58.019179Z
name = "Command_UNKNOWN_AUDIO_COMMAND_7532_POINT_VALUES"
addr = 0x8a8d3c8
