[metadata]
addr = 0x8a9f21c
size = 1
last_change = 2023-11-20T18:14:13.207413Z

[header]
last_change = 2023-11-20T18:13:58.019179Z
name = "Command_CALC_SCREEN_COORDS_RETURNED_SCREEN_COORDS"
addr = 0x8a9f21c
