[metadata]
addr = 0x8a950f0
size = 1
last_change = 2023-11-20T18:14:13.207413Z

[header]
last_change = 2023-11-20T18:13:58.019179Z
name = "Command_SET_GANG_CAR_MODEL_TO"
addr = 0x8a950f0
