[metadata]
addr = 0x8a9e4b8
size = 1
last_change = 2023-11-20T18:14:13.207413Z

[header]
last_change = 2023-11-20T18:13:58.019179Z
name = "Command_IS_AREA_OCCUPIED_TO_SOLID_CAR_CHAR_OBJECT_PARTICLE"
addr = 0x8a9e4b8
