[metadata]
addr = 0x8a9274c
size = 1
last_change = 2023-11-20T18:14:13.207413Z

[header]
last_change = 2023-11-20T18:13:58.019179Z
name = "Command_MARK_ROADS_BETWEEN_LEVELS_CUBE"
addr = 0x8a9274c
