[metadata]
addr = 0x8a9519c
size = 1
last_change = 2023-11-20T18:14:13.207413Z

[header]
last_change = 2023-11-20T18:13:58.019179Z
name = "Command_UNKNOWN_GANG_SET_COMMAND_2891_TO"
addr = 0x8a9519c
