[metadata]
addr = 0x8ab09b4
size = 1
last_change = 2023-11-20T18:14:13.207413Z

[header]
last_change = 2023-11-20T18:13:58.019179Z
name = "Command_GET_POSITION_OF_ANALOGUE_STICKS_STORE_TO"
addr = 0x8ab09b4
