[metadata]
addr = 0x8abc5d0
size = 1
last_change = 2023-11-20T18:14:13.207413Z

[header]
last_change = 2023-11-20T18:13:58.019179Z
name = "Command_GET_MISSION_SCRIPT_NAME"
addr = 0x8abc5d0
