[metadata]
addr = 0x8abc540
size = 1
last_change = 2023-11-20T18:14:13.207413Z

[header]
last_change = 2023-11-20T18:13:58.019179Z
name = "Command_RETURN_IF_TRUE_AND_SET_CONDITION_TRUE"
addr = 0x8abc540
