[metadata]
addr = 0x8ae8de8
size = 1
last_change = 2023-11-20T18:14:13.207413Z

[header]
last_change = 2023-11-20T18:13:58.019179Z
name = "Command_DOES_VEHICLE_EXIST"
addr = 0x8ae8de8
