[metadata]
addr = 0x8aefe54
size = 1
last_change = 2023-11-20T18:14:13.207413Z

[header]
last_change = 2023-11-20T18:13:58.019179Z
name = "Command_TEXT_3NUMBERS_HIGHPRIORITY_TIME_MS"
addr = 0x8aefe54
