[metadata]
addr = 0x8ae751c
size = 1
last_change = 2023-11-20T18:14:13.207413Z

[header]
last_change = 2023-11-20T18:13:58.019179Z
name = "Command_GET_CAR_COLOURS_STORE_TO_AND"
addr = 0x8ae751c
