[metadata]
addr = 0x8ae9a90
size = 1
last_change = 2023-11-20T18:14:13.207413Z

[header]
last_change = 2023-11-20T18:13:58.019179Z
name = "Command_STORE_CAR_COLLIDED_WITH_NO_SAVE_STORE_TO"
addr = 0x8ae9a90
