[metadata]
addr = 0x8aeb57c
size = 1
last_change = 2023-11-20T18:14:13.207413Z

[header]
last_change = 2023-11-20T18:13:58.019179Z
name = "Command_UNKNOWN_CAR_SET_COMMAND_5758_FLAG"
addr = 0x8aeb57c
