[metadata]
addr = 0x8aec480
size = 1
last_change = 2023-11-20T18:14:13.207413Z

[header]
last_change = 2023-11-20T18:13:58.019179Z
name = "Command_CREATE_RANDOM_CAR_FOR_CAR_PARK_HEADING"
addr = 0x8aec480
