[metadata]
addr = 0x8ae44a0
size = 1
last_change = 2023-11-20T18:14:13.207413Z

[header]
last_change = 2023-11-20T18:13:58.019179Z
name = "Command_IS_CAR_STILL_ALIVE"
addr = 0x8ae44a0
