[metadata]
addr = 0x8ae912c
size = 1
last_change = 2023-11-20T18:14:13.207413Z

[header]
last_change = 2023-11-20T18:13:58.019179Z
name = "Command_UNLOCK_ALL_CAR_DOORS_IN_AREA_CORNERA_CORNERB"
addr = 0x8ae912c
