[metadata]
addr = 0x8ae7854
size = 1
last_change = 2023-11-20T18:14:13.207413Z

[header]
last_change = 2023-11-20T18:13:58.019179Z
name = "Command_SET_CAR_AVOID_LEVEL_TRANSITIONS_TO"
addr = 0x8ae7854
