[metadata]
addr = 0x8ae817c
size = 1
last_change = 2023-11-20T18:14:13.207413Z

[header]
last_change = 2023-11-20T18:13:58.019179Z
name = "Command_MARK_CAR_AS_CONVOY_CAR_SET_TO"
addr = 0x8ae817c
