[metadata]
addr = 0x8af0da8
size = 1
last_change = 2023-11-20T18:14:13.207413Z

[header]
last_change = 2023-11-20T18:13:58.019179Z
name = "Command_USE_TEXT_COMMANDS"
addr = 0x8af0da8
