[metadata]
addr = 0x8aff2c4
size = 1
last_change = 2023-11-20T18:14:13.207413Z

[header]
last_change = 2023-11-20T18:13:58.019179Z
name = "operator_new"
addr = 0x8aff2c4
