[metadata]
addr = 0x8af33ac
size = 1
last_change = 2023-11-20T18:14:13.207413Z

[header]
last_change = 2023-11-20T18:13:58.019179Z
name = "Command_UNKNOWN_COLL_CHECK_7453_CHAR"
addr = 0x8af33ac
