[metadata]
addr = 0x8af3170
size = 1
last_change = 2023-11-20T18:14:13.207413Z

[header]
last_change = 2023-11-20T18:13:58.019179Z
name = "Command_SET_COLL_OBJ_UNKNOWN_6464_POINT_RADIUS_VALUE"
addr = 0x8af3170
