[metadata]
addr = 0x8af15cc
size = 1
last_change = 2023-11-20T18:14:13.207413Z

[header]
last_change = 2023-11-20T18:13:58.019179Z
name = "Command_PRINT_SUBTITLE_NOW_VERSION_B_TIME_FLAG"
addr = 0x8af15cc
