[metadata]
addr = 0x8af2ebc
size = 1
last_change = 2023-11-20T18:14:13.207413Z

[header]
last_change = 2023-11-20T18:13:58.019179Z
name = "Command_SET_COLL_OBJ_GOTO_CHAR_ON_FOOT_WALKING_CHAR"
addr = 0x8af2ebc
