[metadata]
addr = 0x8b1e008
size = 1
last_change = 2023-11-20T18:14:13.207413Z

[header]
last_change = 2023-11-20T18:13:58.019179Z
name = "Command_UNKNOWN_PLAYER_SET_DRUNK_DELAY"
addr = 0x8b1e008
