[metadata]
addr = 0x8b2f66c
size = 1
last_change = 2023-11-20T18:14:13.207413Z

[header]
last_change = 2023-11-20T18:13:58.019179Z
name = "Command_REMOVE_CHAR_WEAPON_IN_SLOT_SLOT"
addr = 0x8b2f66c
