[metadata]
addr = 0x8b2b598
size = 1
last_change = 2023-11-20T18:14:13.207413Z

[header]
last_change = 2023-11-20T18:13:58.019179Z
name = "Command_ATTACH_PED_TO_CAR_CAR_OFFSET_POSITION_ANGLE_LIMIT_WEAPON"
addr = 0x8b2b598
