[metadata]
addr = 0x8b2e484
size = 1
last_change = 2023-11-20T18:14:13.207413Z

[header]
last_change = 2023-11-20T18:13:58.019179Z
name = "Command_SET_GANG_ATTACK_PLAYER_WITH_COPS_FLAG"
addr = 0x8b2e484
