[metadata]
addr = 0x8b2897c
size = 1
last_change = 2023-11-20T18:14:13.207413Z

[header]
last_change = 2023-11-20T18:13:58.019179Z
name = "Command_TURN_CHAR_TO_FACE_CHAR_CHAR"
addr = 0x8b2897c
