[metadata]
addr = 0x8b2fc84
size = 1
last_change = 2023-11-20T18:14:13.207413Z

[header]
last_change = 2023-11-20T18:13:58.019179Z
name = "Command_CHANGE_CHAR_COLOUR_SET_DONT_UPDATED_SAVED_ONE_SET_ID"
addr = 0x8b2fc84
