[metadata]
addr = 0x8b2fd04
size = 1
last_change = 2023-11-20T18:14:13.207413Z

[header]
last_change = 2023-11-20T18:13:58.019179Z
name = "Command_UNKNOWN_CHAR_CHECK_COMMAND_3553"
addr = 0x8b2fd04
