[metadata]
addr = 0x8b2c520
size = 1
last_change = 2023-11-20T18:14:13.207413Z

[header]
last_change = 2023-11-20T18:13:58.019179Z
name = "Command_FREEZE_CHAR_POSITION_SET_TO"
addr = 0x8b2c520
