[metadata]
addr = 0x8b2c6cc
size = 1
last_change = 2023-11-20T18:14:13.207413Z

[header]
last_change = 2023-11-20T18:13:58.019179Z
name = "Command_SET_CHAR_CROUCH_TO_SET_CHAR_CROUCH"
addr = 0x8b2c6cc
