[metadata]
addr = 0x8b2fe8c
size = 1
last_change = 2023-11-20T18:14:13.207413Z

[header]
last_change = 2023-11-20T18:13:58.019179Z
name = "Command_UNKNOWN_CHAR_GET_COMMAND_7389_STORE_VALUES_TO"
addr = 0x8b2fe8c
