[metadata]
addr = 0x8b2d93c
size = 1
last_change = 2023-11-20T18:14:13.207413Z

[header]
last_change = 2023-11-20T18:13:58.019179Z
name = "Command_SET_CHAR_CROUCH_WHEN_THREATENED_ON"
addr = 0x8b2d93c
