[metadata]
addr = 0x8b31124
size = 1
last_change = 2023-11-20T18:14:13.207413Z

[header]
last_change = 2023-11-20T18:13:58.019179Z
name = "Command_UNKNOWN_CHAR_COMMAND_7359_CHAR_VEHICLE_FLAG"
addr = 0x8b31124
