[metadata]
addr = 0x8b305e4
size = 1
last_change = 2023-11-20T18:14:13.207413Z

[header]
last_change = 2023-11-20T18:13:58.019179Z
name = "Command_UNKNOWN_CHAR_SET_COMMAND_87C3_FLAG"
addr = 0x8b305e4
