[metadata]
addr = 0x8b30d34
size = 1
last_change = 2023-11-20T18:14:13.207413Z

[header]
last_change = 2023-11-20T18:13:58.019179Z
name = "Command_NOP_CHAR_VCS_0504_COORDS"
addr = 0x8b30d34
