[metadata]
addr = 0x8b4f89c
size = 1
last_change = 2023-11-20T18:14:13.207413Z

[header]
last_change = 2023-11-20T18:13:58.019179Z
name = "GenerateOneEmergencyServicesCar"
addr = 0x8b4f89c
