[metadata]
addr = 0x8b61fd0
size = 1
last_change = 2023-11-20T18:14:13.207413Z

[header]
last_change = 2023-11-20T18:13:58.019179Z
name = "__muldf3"
addr = 0x8b61fd0
